constructTestCases(): generating 11 specified cases ...  DONE
Procedure Optimizer.Optimize()
Oracle probabilites : disabled
Optimizer(): Simulated Annealing , Random-normalized optimality [%]
Optimizer(): config:  [[0.0, 0.1], [2.0, 5.0], [0.01, 0.02], 10, 10, 0.2, 0.001, 0.5, 0.01]
Optimizer(): selective: [  0  1  ]
Optimizer(): evals/step: 10
Optimizer(): numParams: 2 , completeRepeats: 5
MABsolver_config: algorithms: UCBtuned , CP DavorTom , CPT Davor , Reset SingleMovingAvg
MABsolver_config: params: types:  Direct  Direct  Direct  Direct  
MABsolver_config: params: numInputs:  0  0  0  0  
MABsolver_config: params: weights:  [  1.000000  ]  [  2.500000  ]  [  1.000000  ]  [  50.000000  ]  
BanditTestBatch: casesIDs:  5  
BanditTestBatch: numCases: 1
BanditTestBatch: maxim sum reward: 600.0
BanditTestBatch: random reward: 500.0

    71.90     1.000000  2.500000 
    77.00     1.030000  2.560000 
    73.10     0.670000  2.460000 
    57.10     0.760000  2.680000 
    68.40     0.800000  2.740000 
    26.40     0.260000  2.000000 
    67.90     0.670000  2.380000 
    95.00     0.870000  3.220000 
    40.80     0.530000  3.680000 
    67.50     0.940000  3.320000 
    80.10     0.840000  2.780000 
    57.30     0.550000  3.140000 
    67.60     0.830000  4.060000 
    84.70     1.160000  2.480000 
    75.20     1.460000  3.200000 
    78.40     1.650000  2.600000 
    75.90     1.990000  2.160000 
    75.50     1.910000  1.100000 
    76.50     1.480000  1.520000 
    75.90     1.400000  2.540000 
    71.40     1.230000  1.620000 
    71.20     1.500000  2.640000 
    86.30     1.580000  3.140000 
    74.80     1.890000  2.300000 
    69.30     1.920000  3.360000 
    71.30     1.230000  3.480000 
    76.50     1.290000  3.860000 
    83.40     1.450000  2.860000 
    70.80     1.380000  3.760000 
    76.90     1.280000  2.600000 
    92.70     1.760000  2.440000 
    80.30     1.660000  1.640000 
    64.30     1.870000  3.080000 
    80.00     1.740000  1.880000 
    80.00     1.510000  2.740000 
    65.40     1.640000  2.840000 
    87.40     1.640000  1.760000 
    86.60     1.510000  2.340000 
    83.10     1.540000  1.680000 
    76.40     1.970000  2.940000 
    82.20     1.710000  3.020000 
    81.30     1.980000  2.980000 
    80.10     1.610000  1.780000 
    72.20     1.840000  3.080000 
    73.80     1.640000  1.800000 
    79.10     1.860000  2.000000 
    78.90     1.820000  2.480000 
    76.00     1.480000  2.420000 
    77.20     1.490000  2.120000 
    81.50     1.550000  2.740000 
    75.00     1.960000  2.460000 
    78.90     1.620000  2.760000 
    69.70     1.980000  2.820000 
    79.70     1.780000  2.180000 
    78.40     1.620000  2.680000 
    79.50     1.970000  2.340000 
    80.90     1.590000  2.820000 
    76.80     1.850000  2.400000 
    75.00     1.890000  2.760000 
    69.90     1.970000  2.020000 
    76.00     1.920000  2.240000 
    77.00     1.710000  2.020000 
    68.40     1.880000  2.800000 
    74.50     1.650000  2.200000 
    78.40     1.850000  2.480000 
    78.50     1.890000  2.720000 
    72.10     1.920000  2.180000 
    74.30     1.800000  2.640000 
    79.00     1.770000  2.660000 
    78.90     1.690000  2.020000 
    75.80     1.700000  2.660000 
    65.30     1.820000  2.520000 
    69.40     1.820000  2.540000 
    60.50     1.740000  2.560000 
    71.00     1.770000  2.340000 
    65.60     1.810000  2.700000 
    77.80     1.790000  2.180000 
    85.80     1.730000  2.580000 
    80.40     1.830000  2.380000 
    72.20     1.820000  2.600000 
    84.00     1.810000  2.700000 
    73.50     1.770000  2.460000 
    82.60     1.800000  2.420000 
    76.70     1.720000  2.560000 
    89.30     1.760000  2.560000 
    70.30     1.710000  2.320000 
    65.50     1.820000  2.360000 
    69.30     1.770000  2.500000 
    84.40     1.770000  2.560000 
    85.50     1.780000  2.540000 
    75.50     1.780000  2.400000 
    84.70     1.760000  2.420000 
    75.90     1.770000  2.460000 
    72.50     1.760000  2.420000 
    79.40     1.760000  2.440000 
    78.70     1.760000  2.440000 
    74.50     1.760000  2.440000 
    84.10     1.760000  2.420000 
    75.50     1.770000  2.440000 
    71.60     1.770000  2.460000 
    86.90     1.760000  2.440000 
    78.10     1.760000  2.440000 
    83.00     1.710000  2.700000 
    77.00     1.990000  2.480000 
    76.70     1.630000  3.200000 
    78.20     1.480000  1.840000 
    79.10     1.850000  2.840000 
    85.70     1.370000  1.800000 
    83.40     1.200000  2.820000 
    78.80     1.670000  1.880000 
    79.30     1.640000  1.320000 
    84.90     1.340000  1.480000 
    66.90     0.920000  1.080000 
    79.30     1.770000  1.080000 
    82.20     1.720000  1.280000 
    66.20     1.300000  2.280000 
    72.50     1.290000  2.200000 
    83.50     1.660000  0.420000 
    87.50     1.430000  1.060000 
    65.30     1.120000  0.740000 
    72.30     1.110000  1.520000 
    74.50     0.990000  1.840000 
    75.30     1.310000  1.880000 
    77.20     1.470000  0.980000 
    72.40     1.530000  1.100000 
    74.70     1.250000  0.120000 
    78.20     1.460000  1.940000 
    79.90     1.360000  0.860000 
    76.70     1.800000  1.540000 
    81.30     1.340000  1.000000 
    75.10     1.300000  1.300000 
    63.20     1.170000  0.140000 
    76.40     1.590000  0.500000 
    80.30     1.630000  0.580000 
    74.00     1.680000  0.620000 
    75.20     1.130000  1.700000 
    80.60     1.750000  1.040000 
    77.50     1.750000  1.220000 
    67.60     1.500000  0.880000 
    82.40     1.540000  1.480000 
    77.20     1.280000  0.400000 
    74.30     1.720000  0.620000 
    71.70     1.200000  1.020000 
    80.70     1.630000  0.800000 
    79.60     1.610000  0.920000 
    83.50     1.410000  1.480000 
    74.70     1.390000  1.160000 
    75.50     1.540000  0.620000 
    79.70     1.700000  1.540000 
    76.00     1.660000  0.620000 
    74.50     1.460000  0.480000 
    68.70     1.380000  1.600000 
    76.20     1.550000  1.580000 
    78.50     1.400000  1.500000 
    72.90     1.490000  1.460000 
    71.60     1.630000  1.280000 
    74.90     1.370000  1.420000 
    75.10     1.440000  1.480000 
    86.10     1.500000  1.060000 
    79.50     1.650000  0.940000 
    82.20     1.260000  0.760000 
    76.60     1.450000  0.780000 
    77.40     1.340000  1.080000 
    85.10     1.320000  0.900000 
    77.30     1.400000  0.800000 
    72.20     1.270000  1.200000 
    80.60     1.560000  1.480000 
    87.20     1.570000  0.780000 
    73.90     1.740000  0.600000 
    78.80     1.520000  0.460000 
    84.80     1.540000  1.120000 
    84.50     1.510000  0.680000 
    79.80     1.650000  0.700000 
    78.50     1.630000  0.660000 
    81.90     1.690000  1.060000 
    76.50     1.550000  0.500000 
    72.70     1.690000  0.800000 
    84.50     1.680000  0.680000 
    64.30     1.690000  0.620000 
    81.70     1.490000  0.620000 
    80.90     1.580000  1.020000 
    67.60     1.470000  0.920000 
    80.10     1.570000  0.680000 
    79.90     1.530000  0.760000 
    86.10     1.610000  0.840000 
    88.80     1.630000  0.880000 
    76.20     1.650000  0.800000 
    77.30     1.670000  1.020000 
    89.20     1.650000  0.760000 
    71.50     1.590000  0.880000 
    80.70     1.590000  0.740000 
    78.10     1.600000  0.860000 
    80.10     1.640000  0.780000 
    72.70     1.640000  0.740000 
    86.20     1.650000  0.780000 
    85.80     1.650000  0.760000 
    83.50     1.650000  0.780000 
    74.80     1.650000  0.760000 
    69.70     1.660000  0.740000 
    93.00     1.660000  0.780000 
    81.60     1.670000  0.760000 
    83.20     1.650000  0.760000 
    82.20     1.660000  0.780000 
    87.00     1.830000  0.720000 
    88.70     1.470000  0.680000 
    83.70     1.030000  0.180000 
    86.60     1.900000  1.680000 
    78.20     1.180000  0.860000 
    78.80     1.300000  1.240000 
    91.00     1.000000  0.760000 
    63.70     0.610000  0.840000 
    82.10     0.790000  0.120000 
    71.20     1.110000  1.460000 
    75.80     1.290000  0.960000 
    75.40     0.870000  1.300000 
    87.30     0.780000  0.920000 
    43.70     0.660000  1.260000 
    76.60     0.980000  1.100000 
    81.60     0.880000  0.480000 
    67.40     0.920000  0.640000 
    61.90     0.680000  0.140000 
    80.00     0.850000  1.480000 
    72.30     1.360000  1.200000 
    75.80     1.330000  0.900000 
    47.30     0.610000  1.400000 
    75.00     1.030000  0.700000 
    67.30     0.900000  1.180000 
    74.70     0.730000  0.860000 
    71.80     0.720000  1.640000 
    78.90     0.770000  0.800000 
    66.20     0.690000  0.620000 
    78.30     0.980000  0.900000 
    71.40     0.650000  0.800000 
    73.60     1.000000  0.960000 
    82.70     0.970000  1.420000 
    68.90     0.890000  0.880000 
    91.30     1.310000  0.700000 
    75.50     1.370000  0.960000 
    83.20     1.350000  1.140000 
    79.20     1.500000  1.440000 
    80.50     1.570000  1.120000 
    78.10     1.510000  1.460000 
    84.00     1.180000  1.040000 
    87.80     1.100000  0.620000 
    87.30     1.540000  0.980000 
    68.80     1.110000  0.960000 
    74.70     1.110000  1.340000 
    85.60     1.380000  0.280000 
    83.80     1.460000  0.600000 
    85.00     1.030000  0.380000 
    79.00     1.360000  0.780000 
    85.20     1.330000  0.740000 
    85.40     1.330000  0.560000 
    89.50     1.150000  0.320000 
    86.50     1.320000  0.620000 
    69.60     1.220000  0.980000 
    82.40     1.260000  0.380000 
    85.00     1.230000  0.540000 
    83.40     1.350000  0.260000 
    80.80     1.270000  0.520000 
    70.80     1.390000  1.240000 
    82.40     1.200000  0.380000 
    85.90     1.140000  0.640000 
    84.10     1.160000  1.020000 
    77.20     1.180000  0.660000 
    85.00     1.250000  0.620000 
    81.70     1.300000  0.960000 
    76.00     1.310000  0.640000 
    78.00     1.270000  0.700000 
    74.90     1.300000  0.580000 
    84.70     1.220000  0.320000 
    88.00     1.240000  0.380000 
    87.90     1.350000  1.080000 
    77.50     1.320000  0.640000 
    86.90     1.410000  0.520000 
    80.40     1.260000  0.900000 
    86.60     1.270000  0.460000 
    81.80     1.420000  0.860000 
    83.90     1.380000  0.540000 
    81.60     1.230000  0.780000 
    85.90     1.320000  0.980000 
    78.60     1.200000  0.760000 
    85.30     1.260000  0.620000 
    78.10     1.300000  0.720000 
    87.90     1.360000  0.660000 
    85.40     1.250000  0.700000 
    84.00     1.270000  0.560000 
    80.10     1.300000  0.760000 
    86.30     1.290000  0.780000 
    84.00     1.330000  0.820000 
    84.60     1.350000  0.580000 
    80.00     1.300000  0.580000 
    83.70     1.250000  0.840000 
    63.90     1.310000  0.700000 
    77.10     1.300000  0.700000 
    78.50     1.310000  0.720000 
    73.60     1.320000  0.680000 
    72.20     1.320000  0.720000 
    84.70     1.320000  0.720000 
    78.70     1.300000  0.700000 
    75.10     1.320000  0.720000 
    79.40     1.310000  0.680000 
    84.80     1.300000  0.700000 
    79.60     1.310000  0.700000 
    76.30     1.400000  0.700000 
    80.20     1.660000  0.200000 
    73.90     1.710000  0.540000 
    80.80     1.300000  0.540000 
    86.50     1.470000  1.220000 
    82.40     1.320000  2.340000 
    91.50     1.180000  2.320000 
    82.60     1.110000  1.860000 
    84.40     1.270000  2.740000 
    84.60     1.310000  1.300000 
    87.50     1.010000  2.920000 
    75.70     1.490000  1.340000 
    75.70     1.290000  2.560000 
UCBT(): lol
    61.40     1.050000  1.700000 
    72.40     1.000000  1.540000 
    79.70     1.370000  2.360000 
    76.40     1.120000  1.360000 
    81.10     0.830000  1.860000 
    69.90     1.450000  2.820000 
    87.40     1.260000  2.720000 
    81.10     1.250000  1.760000 
    73.50     0.950000  2.280000 
    71.70     0.810000  1.780000 
