constructTestCases(): generating 11 specified cases ...  DONE
Procedure Optimizer.Optimize()
Oracle probabilites : disabled
Optimizer(): Simulated Annealing , Random-normalized optimality [%]
Optimizer(): config:  [[0.0, 0.1], [2.0, 5.0], [], 10, 20, 0.2, 0.001, 0.5, 0.01]
Optimizer(): selective: [  0  1  ]
Optimizer(): evals/step: 10
Optimizer(): numParams: 2 , completeRepeats: 5
MABsolver_config: algorithms: UCBtuned , CP DavorTom , CPT Davor , Reset SingleMovingAvg
MABsolver_config: params: types:  Direct  Direct  Direct  Direct  
MABsolver_config: params: numInputs:  0  0  0  0  
MABsolver_config: params: weights:  [  1.000000  ]  [  2.500000  ]  [  1.000000  ]  [  50.000000  ]  
BanditTestBatch: casesIDs:  5  
BanditTestBatch: numCases: 1
BanditTestBatch: maxim sum reward: 600.0
BanditTestBatch: random reward: 500.0

    75.90     1.000000  2.500000 
    24.00     0.327321  1.941726 
    75.90     1.546442  1.823803 
    86.70     1.162184  0.382420 
    70.00     1.580050  0.100000 
    81.20     1.612957  2.124336 
    68.40     2.000000  4.459789 
    89.60     1.276969  2.100312 
    75.50     1.751421  3.909247 
    71.90     1.093873  4.143993 
    84.70     1.659522  3.778036 
    62.40     2.000000  5.000000 
    77.30     0.719264  2.344971 
    79.80     1.370158  2.598572 
    76.20     1.988133  3.934893 
    70.80     2.000000  4.493426 
    74.60     0.832010  3.250745 
    63.80     0.636294  0.863537 
    56.30     0.508132  4.865167 
    70.40     1.389568  3.622930 
    78.20     1.825991  0.772024 
    68.20     1.953702  2.612335 
    81.50     1.629701  0.933134 
    74.40     1.971154  0.100000 
    81.80     2.000000  0.100000 
    75.30     1.987155  0.403185 
    79.90     1.796345  1.033716 
    83.10     1.803452  0.249078 
    73.50     2.000000  1.977844 
    84.50     2.000000  0.100000 
    93.00     1.423305  0.100000 
    74.80     1.532931  0.446986 
    88.60     0.695833  0.596669 
    56.90     1.284681  0.100000 
    31.60     0.460261  0.920010 
    76.10     1.405521  2.349376 
    10.60     0.116298  0.100000 
    18.40     0.249342  0.100000 
    80.30     0.803272  1.735892 
    77.10     1.586840  0.716559 
    62.30     0.525088  2.296071 
    49.50     0.461753  1.042677 
    78.00     1.208465  0.383277 
    70.40     0.867608  1.901378 
    79.00     0.825549  2.489518 
    79.90     0.986658  1.964802 
    78.00     1.091265  2.074571 
    87.90     1.076062  1.322405 
    79.50     1.383695  2.503949 
    80.20     1.283890  1.735564 
    69.80     1.738675  2.137456 
    29.70     0.625139  0.787507 
    79.60     1.499744  1.667742 
    77.80     1.413444  0.196270 
    93.70     1.362120  1.311392 
    83.50     1.692739  0.100000 
    78.50     1.039735  0.797447 
    75.20     1.022152  0.100000 
    68.80     1.762547  2.240810 
    82.10     0.998810  1.374244 
    72.30     1.901627  2.726171 
    74.10     0.765425  2.315567 
    70.90     0.930544  1.293196 
    78.60     1.909072  0.100000 
    82.60     1.389887  0.324557 
    88.90     1.270488  2.175329 
    67.20     1.814800  0.100000 
    79.50     1.570348  0.153532 
    87.70     1.079756  0.309058 
    78.50     0.860509  1.433796 
    85.50     0.848679  0.100000 
    82.10     1.263269  0.100000 
    87.70     1.386804  0.100000 
    74.90     1.788415  0.395823 
    64.10     0.831941  1.653097 
    81.00     0.821947  0.908377 
    77.70     0.876348  0.100000 
    77.70     1.030705  1.218700 
    70.90     0.928102  1.364581 
    76.00     1.876320  0.100000 
    70.70     1.985242  0.100000 
    76.80     1.860623  0.100000 
    64.00     1.315438  0.100000 
    78.10     1.931168  0.100000 
    82.70     0.958605  1.376575 
    74.40     1.015759  0.100000 
    85.80     0.858537  0.100000 
    97.20     1.556356  0.100000 
    82.00     1.526754  0.100000 
    71.50     1.169345  0.100000 
    87.00     1.397692  0.100000 
    69.20     1.030121  0.100000 
    81.70     1.668781  1.117320 
    87.00     1.207241  0.100000 
    76.60     1.093182  0.735136 
    74.10     1.003922  0.100000 
    82.40     1.789852  0.100000 
    87.90     1.160424  0.100000 
    83.00     1.718046  0.100000 
    72.80     1.964087  0.942958 
    73.90     1.240619  0.100000 
    73.20     1.379605  0.100000 
    93.50     1.542484  0.100000 
    77.90     1.176618  0.979335 
    77.80     1.267672  0.100000 
    83.40     1.348625  0.330106 
    80.60     1.220168  0.889045 
    68.60     1.741703  0.361146 
    91.70     1.567587  0.100000 
    77.20     1.569852  0.100000 
    73.60     1.260188  0.183166 
    78.90     1.166150  0.100000 
    74.50     1.226756  0.963837 
    56.40     1.105582  0.241015 
    66.20     1.197809  0.100000 
    85.10     1.572827  0.292502 
    79.40     1.949328  0.976670 
    81.30     1.222481  1.045508 
    93.10     1.227773  0.168452 
    77.10     1.721656  0.998638 
    69.80     1.288497  1.060905 
    77.10     1.792197  0.377098 
    80.40     1.317006  0.100000 
    76.00     1.636125  0.100000 
    78.80     1.372008  0.815951 
    67.80     1.663754  0.856554 
    79.50     1.758299  0.864781 
    89.20     1.320685  0.100000 
    61.40     1.210443  0.230056 
    80.50     1.269948  0.100000 
    65.80     1.300421  0.126311 
    80.80     1.852886  0.100000 
    85.00     1.447396  0.100000 
    69.70     1.856740  0.100000 
    87.50     1.366190  0.100000 
    83.50     1.303382  0.682710 
    82.70     1.804692  0.904889 
    72.20     1.668111  0.100000 
    70.10     1.407830  0.100000 
    77.50     1.665273  0.100000 
    82.60     1.224664  0.258311 
    77.40     1.659352  0.533660 
    83.70     1.427868  0.100000 
    82.40     1.619087  0.100000 
    75.90     1.433505  0.182056 
    87.50     1.779983  0.509985 
    76.10     1.496463  0.677969 
    77.10     1.402382  0.100000 
    76.80     1.424456  0.100000 
    81.60     1.709081  0.100000 
    84.40     1.330651  0.100000 
    85.20     1.433060  0.100000 
    77.80     1.790475  0.129433 
    86.50     1.745111  0.276915 
    80.00     1.573001  0.100000 
    81.00     1.477789  0.100000 
    88.60     1.483127  0.100000 
    85.20     1.617599  0.100000 
    72.00     1.672190  0.100000 
    80.20     1.740111  0.100000 
    82.70     1.327968  0.100000 
    81.70     1.453565  0.100000 
    78.50     1.556072  0.100000 
    77.10     1.599005  0.391797 
    83.30     1.516412  0.138033 
    82.00     1.635284  0.100000 
    87.10     1.492178  0.132321 
    74.80     1.546277  0.155474 
    79.30     1.530960  0.100000 
    83.40     1.457910  0.100000 
    71.50     1.461068  0.225190 
    77.50     1.606606  0.225282 
    87.50     1.500002  0.100000 
    79.00     1.668521  0.326417 
    72.70     1.554023  0.312281 
    80.10     1.631302  0.100000 
    83.10     1.555319  0.100000 
    89.10     1.497025  0.281113 
    74.40     1.507055  0.340925 
    89.00     1.516104  0.270270 
    75.40     1.562751  0.325291 
    82.90     1.548680  0.119833 
    78.20     1.540478  0.100000 
    85.20     1.546350  0.121462 
    85.30     1.554058  0.100000 
    74.40     1.556105  0.103674 
    81.30     1.548266  0.123243 
    69.40     1.538303  0.135114 
    89.40     1.549846  0.113210 
    78.60     1.558887  0.145849 
    80.40     1.576279  0.100000 
    86.00     1.565630  0.135814 
    73.80     1.565768  0.100000 
    81.60     1.542974  0.106702 
    79.90     1.567847  0.100000 
    77.80     1.555246  0.100000 
    74.90     1.572244  0.100000 
    83.50     1.570175  0.106312 
    78.00     1.544843  0.104800 
    82.60     1.546687  0.117288 
    76.40     1.539527  0.125309 
    70.20     1.556356  0.100000 
    79.20     0.963281  2.542055 
    79.70     1.725477  0.929724 
    72.30     1.888180  3.066306 
    81.60     1.694524  1.125053 
    73.60     1.576588  1.539008 
    72.50     1.541244  0.100000 
    74.20     1.622300  0.708978 
    74.60     1.557734  0.100000 
    82.60     1.967888  2.184611 
    86.90     2.000000  3.914411 
    64.40     2.000000  5.000000 
    69.60     1.066196  3.714457 
    74.50     2.000000  5.000000 
    77.80     2.000000  3.722975 
    71.80     1.572108  4.075385 
    79.50     2.000000  4.236163 
    75.40     1.600821  5.000000 
    79.50     1.500201  3.910477 
    73.40     1.017661  5.000000 
    70.00     1.981120  4.314301 
    72.00     1.860906  4.791901 
    70.60     1.580410  3.550275 
    71.70     2.000000  5.000000 
    71.40     1.510455  3.041627 
    68.50     2.000000  3.688186 
    75.80     2.000000  2.995354 
    73.90     2.000000  3.921918 
    67.30     1.407797  4.167633 
    67.40     1.199903  5.000000 
    73.50     2.000000  3.857559 
    86.00     2.000000  2.534585 
    71.80     1.891943  5.000000 
    75.10     1.535199  2.215720 
    79.80     1.744148  2.991499 
    62.40     1.840435  4.492473 
    75.00     1.881553  3.925790 
    77.50     1.502581  5.000000 
    66.10     2.000000  3.565045 
    68.70     2.000000  4.682480 
    78.20     1.492707  2.553619 
    77.30     1.729665  5.000000 
    84.80     2.000000  3.110457 
    67.60     2.000000  5.000000 
    64.00     1.399157  4.128129 
    70.80     2.000000  3.029201 
    75.10     1.570351  3.267957 
    73.80     2.000000  3.231228 
    76.10     1.869154  3.366251 
    87.10     1.618526  4.840960 
    89.40     1.427697  3.575285 
    38.50     0.727788  4.743466 
    71.20     1.272499  3.448279 
    79.80     1.083908  1.992457 
    77.30     1.228867  3.830265 
    70.90     2.000000  3.093631 
    59.20     0.907341  5.000000 
    58.30     1.142248  4.572716 
    84.60     0.859857  2.562296 
    84.30     1.526312  4.286411 
    71.40     1.025203  3.057526 
    70.90     1.802784  3.464004 
    82.40     2.000000  1.954056 
    86.90     1.522432  2.803544 
    73.90     1.705125  2.147730 
    82.60     0.981939  2.620706 
    82.40     0.941075  2.980893 
    75.80     0.996026  3.779389 
    74.90     1.034794  4.473751 
    68.40     1.242351  3.550080 
    68.50     1.971115  2.850460 
    79.20     1.492978  3.369199 
    72.00     0.915858  2.289006 
    79.30     1.923547  2.920702 
    64.30     1.008340  4.440574 
    67.30     2.000000  3.207247 
    75.50     1.257913  4.615004 
    75.40     1.656398  2.626734 
    64.20     0.880769  3.071271 
    66.10     2.000000  4.646335 
    73.30     1.487822  4.503235 
    73.40     1.989416  4.692231 
    60.90     1.033154  4.050444 
    84.40     1.025066  3.180375 
    71.80     1.667011  3.470394 
    72.10     1.559652  4.614584 
    78.10     1.522096  3.323316 
    78.70     1.628310  3.176750 
    82.80     1.390970  4.261651 
    70.80     1.936996  4.411334 
    69.40     1.238640  4.359903 
    69.60     0.866086  2.208379 
    69.20     1.408447  3.750480 
    73.50     1.570625  4.507100 
    62.70     1.167851  4.754046 
    61.10     0.968122  4.845797 
    78.40     1.887430  3.079634 
    80.20     1.640644  3.263029 
    80.00     1.360049  2.842237 
    71.00     1.756686  4.115866 
    68.10     1.501474  4.268620 
    77.20     1.863009  3.484341 
    84.40     1.265586  2.947991 
    80.40     1.002105  2.906557 
    71.50     1.750714  4.238441 
    79.40     1.225484  3.213750 
    75.40     1.867926  3.137196 
    77.70     1.696995  2.828122 
    73.60     1.593447  4.438831 
    70.50     1.755130  4.259832 
    78.70     1.079688  3.400402 
    71.80     1.553145  3.614889 
    86.50     1.523315  3.125296 
    75.20     1.727116  4.030199 
    62.60     1.384076  4.660879 
    73.60     0.998202  2.676002 
    73.00     1.680453  2.737708 
    77.50     1.489809  3.407201 
    73.90     1.352551  2.952248 
    66.80     1.680099  4.263700 
    82.20     1.078518  3.681160 
    79.50     1.511010  3.429239 
    81.60     1.419758  3.032508 
    69.50     1.439968  2.960279 
    75.10     1.614763  4.386063 
    74.40     1.696877  2.965305 
    82.80     1.477915  3.458948 
    80.30     1.458616  3.450212 
    76.70     1.543159  3.394995 
    68.50     1.565853  3.932221 
    63.80     1.297404  3.852633 
    77.20     1.565293  3.217989 
    61.40     1.218794  4.230815 
    87.20     1.724575  2.910920 
    77.70     1.572431  4.115682 
    80.60     1.603229  3.512431 
    83.40     1.761522  3.209901 
    83.10     1.199462  3.602441 
    80.30     1.718137  3.452580 
    88.00     1.183876  3.995629 
    67.60     1.612171  3.232499 
    83.90     1.373555  3.311022 
    72.50     1.608340  3.378550 
    82.70     1.502907  3.160203 
    72.90     1.592158  3.958785 
    73.70     1.594556  3.288407 
    70.80     1.195176  3.863412 
    88.90     1.489855  3.722946 
    77.30     1.613625  3.434717 
    86.60     1.687319  3.484954 
    78.80     1.463857  3.156010 
    66.40     1.727483  4.054003 
    72.90     1.574894  3.538853 
    71.00     1.466915  3.730026 
    76.90     1.601272  3.721616 
    75.80     1.605603  4.189500 
    70.60     1.518341  3.663685 
    63.10     1.415760  4.117438 
    76.60     1.649793  3.425721 
    83.80     1.385103  3.745064 
    78.90     1.644171  3.497627 
    75.70     1.437355  3.971014 
    91.00     1.410296  3.656849 
    80.50     1.384142  3.934989 
    76.50     1.479202  3.673314 
    82.10     1.517818  3.450430 
    74.00     1.289678  3.493721 
    78.70     1.409317  3.366709 
    74.50     1.478772  3.506350 
    78.00     1.451170  3.549506 
    77.00     1.467606  3.576512 
    87.10     1.393176  3.912228 
    77.20     1.419844  3.781034 
    77.70     1.349306  3.688842 
    69.90     1.334342  3.800876 
    85.50     1.412709  3.641258 
    87.20     1.414898  3.472610 
    79.40     1.461333  3.761685 
    75.70     1.397693  3.449824 
    79.80     1.490191  3.570682 
    75.80     1.424905  3.907534 
    82.10     1.419402  3.612506 
    90.60     1.425667  3.662351 
    74.60     1.426835  3.656315 
    65.80     1.403813  3.662990 
    82.70     1.414684  3.661116 
    84.30     1.397207  3.653824 
    78.60     1.422274  3.670359 
    84.90     1.404016  3.670555 
    79.90     1.395946  3.673584 
    84.10     1.418052  3.649912 
    84.30     1.429414  3.696981 
    63.70     1.409922  3.704825 
    74.00     1.406569  3.654546 
    79.30     1.409140  3.611517 
    77.60     1.395662  3.682527 
    72.20     1.398407  3.637513 
    75.30     1.391119  3.682580 
    83.20     1.409389  3.651965 
    79.80     1.423534  3.608719 
    76.50     1.402314  3.686635 
    80.90     1.410296  3.656849 
    72.40     0.674142  3.694138 
    80.10     1.305221  1.927662 
    55.00     0.569709  4.314423 
    77.40     0.846505  1.114664 
    58.90     0.486261  3.282520 
    78.60     1.466607  2.692172 
    73.80     1.990094  4.198840 
    66.90     1.185064  4.592895 
    72.00     1.365202  4.857156 
    78.70     1.764219  2.179500 
    68.80     1.614110  2.090699 
    73.60     2.000000  4.294507 
    74.20     1.246412  1.727845 
    78.00     1.213062  0.100000 
    86.20     1.994034  1.347945 
    79.20     2.000000  0.100000 
    76.20     2.000000  0.539515 
    68.00     2.000000  1.510102 
    78.20     1.512026  0.100000 
    79.80     1.122484  1.549271 
    42.40     0.477245  2.507026 
    72.50     1.857609  1.356124 
    75.80     1.157285  3.234207 
    72.40     0.755569  3.463674 
    79.80     0.794161  2.145614 
    68.90     1.137890  1.239189 
    61.00     0.953404  0.100000 
    49.50     0.404360  0.123048 
    65.50     0.710193  1.176721 
    75.70     1.170957  1.913686 
    73.40     1.579554  2.267723 
    81.50     0.945895  3.738187 
    78.70     1.168031  2.339754 
    83.80     1.323140  2.160973 
    77.40     1.179519  4.156923 
    82.90     1.966593  3.959786 
    76.70     1.867693  2.261148 
    82.50     1.559689  0.165740 
    77.60     1.474035  0.520057 
    90.90     1.045685  3.518744 
    69.50     0.648863  4.778948 
    81.40     1.367934  5.000000 
    92.10     1.371135  1.718093 
    80.00     1.528467  0.100000 
    83.30     0.738949  0.100000 
    81.60     2.000000  0.114012 
    72.00     1.708416  0.833444 
    75.10     0.830300  0.118636 
    67.50     0.676793  0.969047 
    87.60     0.965804  2.660515 
    84.70     2.000000  0.297794 
    77.00     1.016591  1.397753 
    65.20     0.778943  2.158711 
    82.20     1.762339  0.336263 
    77.70     1.888437  0.125727 
    57.40     1.847048  0.376621 
    87.70     0.840903  0.130227 
    72.90     2.000000  0.100000 
    61.30     0.781993  1.415325 
    58.70     0.664301  3.144080 
    66.60     0.849251  0.968786 
    66.30     1.553359  0.736727 
    69.90     1.751066  2.352775 
    71.10     1.134637  1.126507 
    80.70     1.261420  2.655112 
    85.10     0.791228  1.552912 
    92.70     0.744615  0.684333 
    14.40     0.255757  0.100000 
    81.10     1.072503  1.873601 
    75.30     1.172255  0.100000 
    78.10     1.213634  1.534218 
    20.50     0.112403  1.663544 
    50.20     0.616193  0.787615 
    41.10     0.658042  0.100000 
    77.70     0.628861  2.210369 
    41.90     0.524482  0.100000 
    71.80     0.902706  0.574861 
    62.60     0.689606  0.804130 
    29.50     0.385765  1.049419 
    70.30     1.068920  2.030786 
    45.10     0.471109  0.690288 
    81.10     1.025693  1.197375 
    54.20     0.581851  1.360581 
    78.00     1.249750  1.729702 
    22.20     0.318486  1.317901 
    21.10     0.332559  0.825549 
    44.90     0.528030  1.879432 
    19.30     0.325147  0.971675 
    27.40     0.324985  1.493287 
    68.40     0.947348  0.100000 
    83.30     0.894394  0.100000 
    -1.00     0.311701  0.100000 
    78.40     0.987646  0.100000 
    79.20     1.092008  0.100000 
    41.70     0.860578  0.100000 
    81.00     1.013691  0.100000 
    81.00     1.165528  0.133740 
    60.20     0.697474  1.383519 
    79.70     0.994176  1.137465 
    43.40     0.439832  0.788861 
    55.30     0.535005  0.100000 
    28.70     0.433336  1.092650 
    81.00     1.122097  0.349455 
    78.40     1.176923  0.953269 
    40.90     0.399656  0.100000 
    84.80     1.021878  0.477174 
    35.50     0.416074  1.232327 
    23.10     0.351516  0.100000 
    53.30     0.420554  1.203970 
    76.70     1.049663  0.100000 
    72.70     0.927765  0.100000 
    76.10     1.065065  1.200923 
    84.90     0.727001  1.587450 
    75.00     1.137090  1.271099 
    45.30     0.370275  0.100000 
    78.40     0.892819  1.105030 
    63.40     0.742820  0.388418 
    73.00     0.498564  0.309435 
    72.40     1.183555  1.545064 
    70.30     0.854544  0.156324 
    63.40     0.466147  1.449194 
    72.00     0.909059  1.469078 
    77.90     0.845981  0.441867 
    31.50     0.455471  0.247356 
    74.60     1.023470  1.014281 
    68.50     1.086133  0.968061 
    56.20     0.570738  1.003617 
    56.80     0.822616  0.100000 
    50.50     0.579841  1.244853 
    71.20     0.776490  1.471261 
    58.40     0.749999  0.310079 
    90.60     0.916108  0.110371 
    53.90     0.423349  1.492229 
    67.80     0.859353  1.203477 
    43.90     0.625956  1.108857 
    60.40     0.624783  0.442262 
    76.60     0.880407  0.513539 
    66.60     0.707596  0.100000 
    48.50     0.594939  0.135416 
    19.90     0.442205  1.386228 
    50.80     0.672172  1.033953 
    71.70     0.976529  0.835393 
    67.80     0.804129  0.423102 
    50.50     0.579317  0.977886 
    65.30     0.668324  1.046301 
    67.50     0.586212  0.300367 
    75.60     0.889080  0.762710 
    90.20     0.865261  1.099001 
    82.90     0.728194  0.900233 
    69.90     0.765279  0.865740 
    56.20     0.763362  0.488826 
    83.60     0.908253  0.320548 
    66.70     0.657386  0.652022 
    46.30     0.644982  0.579875 
    73.10     0.529136  1.145800 
    48.50     0.652140  0.246652 
    46.60     0.661768  1.084616 
    71.80     0.655119  0.672791 
    36.00     0.554097  0.718627 
    77.20     0.604240  0.493355 
    60.10     0.616886  0.884767 
    64.50     0.830447  0.560867 
    77.40     0.694934  0.531214 
    74.60     0.685525  0.710174 
    71.50     0.866085  0.951511 
    81.70     0.702012  0.635214 
    67.10     0.736699  0.698884 
    83.00     0.844964  0.416328 
    51.10     0.797443  0.441052 
    73.10     0.762565  0.421881 
    62.50     0.642157  0.533547 
    75.10     0.849836  0.641482 
    67.20     0.765924  0.982990 
    48.20     0.742043  0.666757 
    79.60     0.853474  0.880883 
    62.40     0.830207  0.711782 
    75.70     0.852891  0.914443 
    56.90     0.661312  0.562156 
    86.30     0.776953  0.418906 
    70.70     0.790869  0.635832 
    82.80     0.759570  0.686326 
    60.40     0.758316  0.684670 
    74.80     0.724920  0.671485 
    77.00     0.754344  0.655605 
    83.50     0.744492  0.724962 
    53.50     0.745189  0.678960 
    46.40     0.757526  0.714416 
    84.10     0.741948  0.653107 
    61.00     0.759327  0.682817 
    66.10     0.739764  0.686128 
    64.50     0.758321  0.653415 
    66.70     0.743299  0.728511 
    75.60     0.738332  0.733308 
    81.60     0.748455  0.705521 
    61.80     0.735768  0.661093 
    72.30     0.757409  0.661736 
    82.80     0.742188  0.644997 
    75.10     0.737683  0.726751 
    70.00     0.764341  0.681659 
    48.70     0.737151  0.722359 
    62.30     0.744615  0.684333 
     5.20     0.000000  2.492300 
    76.50     1.390789  0.827727 
    76.10     1.560309  2.354323 
    74.00     1.025333  3.838723 
    74.10     1.565182  4.638241 
    59.70     0.709691  3.040502 
    82.30     1.347555  1.879263 
    83.20     0.815785  0.702535 
     1.90     0.292481  0.558879 
    78.50     0.959524  1.507105 
     0.70     0.000000  0.100000 
    73.40     1.232281  2.779511 
     6.80     0.328773  0.704499 
    79.00     0.755744  2.188920 
    31.90     0.587784  4.341153 
    78.30     0.758597  2.602529 
    75.00     0.947683  3.491202 
    11.10     0.396569  4.355507 
    76.70     1.254558  4.136366 
    67.40     1.602305  4.331107 
    85.60     0.636693  3.204090 
    17.00     0.407963  4.996425 
     8.20     0.000000  1.415237 
    81.30     1.030646  1.476911 
    76.00     1.435365  1.397345 
    89.30     1.387475  1.473695 
    77.30     1.757142  3.261922 
    76.40     1.506223  1.530950 
    69.00     0.813527  0.611844 
    68.60     0.884160  2.744189 
    64.20     0.707577  0.654484 
    61.20     0.732435  2.962290 
    81.20     1.057239  0.100000 
    72.70     0.732762  1.731486 
    88.60     2.000000  0.100000 
    81.10     2.000000  0.100000 
    73.10     1.845244  1.822029 
    69.20     1.215891  0.100000 
    77.70     1.594475  0.100539 
    78.90     2.000000  0.960005 
    83.50     1.868421  0.100000 
    79.50     2.000000  0.100000 
    73.60     2.000000  1.247445 
    82.40     2.000000  0.100000 
    82.20     1.678132  1.057912 
    82.10     1.259284  1.005524 
    87.30     1.680688  1.862141 
    76.90     1.003424  2.205400 
    77.50     1.958659  2.038266 
    69.60     2.000000  2.312518 
    74.70     2.000000  1.407507 
    78.90     2.000000  1.165532 
    85.90     1.420856  0.418424 
    83.90     1.494350  0.100000 
    77.50     1.749755  2.299795 
    78.10     0.721283  0.894496 
    87.70     0.915612  2.247693 
    73.20     1.612625  1.445271 
    94.80     1.527301  0.598924 
    77.20     2.000000  0.100000 
    85.30     1.114134  0.100000 
    89.70     1.287840  0.100000 
    81.00     1.520235  0.498922 
    82.20     1.628404  0.637271 
    79.70     2.000000  1.027523 
    74.80     1.087411  0.620381 
    78.70     1.141979  0.462015 
    74.40     1.674467  0.561857 
    70.90     1.025421  2.172461 
    71.70     1.429390  1.009940 
    87.80     1.064682  1.494879 
    68.90     2.000000  0.100000 
    75.20     2.000000  1.295348 
    84.70     1.337601  0.385916 
    76.10     1.380799  0.100000 
    69.60     1.183103  0.100000 
    78.00     2.000000  1.522271 
    84.10     1.312443  0.100000 
    75.50     1.451488  0.926377 
    81.20     1.919516  1.829341 
    77.10     1.591128  1.940800 
    70.90     1.526154  0.100000 
    86.80     1.450811  0.323249 
    77.50     2.000000  0.100000 
    82.00     1.926986  0.735650 
    67.80     1.738990  1.504201 
    83.70     1.340843  0.931528 
    85.20     1.162262  0.502444 
    80.30     1.857504  1.351579 
    74.10     1.357600  1.266965 
    66.00     1.133746  0.878130 
    82.60     1.126369  1.243906 
    84.90     2.000000  1.047611 
    78.20     1.176134  0.263887 
    89.50     1.365469  1.107319 
    77.70     1.878412  0.647880 
    70.90     0.951833  0.739341 
    78.80     1.814320  1.957369 
    80.90     0.833864  0.100000 
    74.80     1.826371  2.273023 
    80.80     1.771178  0.711954 
    81.00     1.449518  0.686465 
    73.70     1.788017  2.173190 
    88.20     1.022838  0.542462 
    69.50     0.979336  0.429698 
    77.60     1.093165  0.119554 
    90.10     0.946743  1.689056 
    90.70     0.944502  1.820892 
    82.80     1.238557  1.833635 
    75.10     0.829214  1.598944 
    79.30     1.329628  2.393480 
    82.10     1.392828  1.238749 
    73.50     0.520325  0.711236 
    67.50     1.220164  2.150223 
    69.80     1.104919  1.117547 
    52.20     0.544944  0.807411 
    76.20     1.390840  2.202426 
    72.30     0.801210  1.113726 
    61.10     0.775314  1.786905 
    73.10     0.791049  1.912843 
    82.40     1.131741  1.492979 
    76.60     0.674480  1.840847 
    89.80     1.064766  1.027762 
    92.50     1.032474  1.607602 
    82.90     1.119198  2.369950 
    74.30     0.971088  1.060232 
    56.90     0.817009  1.621120 
    78.80     0.879284  1.675905 
    87.80     0.904590  0.778998 
    74.50     0.933746  2.180783 
    77.90     1.194608  0.941252 
    80.00     0.729499  1.683853 
    75.70     1.248103  1.557848 
    63.40     0.756692  2.011239 
    77.00     0.722094  1.258818 
    91.90     1.277320  2.224301 
    61.60     0.760183  2.379508 
    65.70     0.974476  1.152161 
    79.90     1.247004  1.627761 
    72.40     0.792636  2.234265 
    78.90     0.887737  1.212279 
    74.80     0.992959  1.773735 
    67.70     0.829353  2.128051 
    82.10     0.981582  1.207782 
    66.60     0.912387  1.281251 
    75.50     0.814342  1.761791 
    71.50     0.835191  1.183641 
    81.10     1.007790  1.324731 
    82.90     0.964190  1.278286 
    84.80     1.201622  1.882574 
    81.00     1.012476  1.128034 
    72.60     0.935403  1.127832 
    66.30     0.841108  2.035452 
    86.50     1.201037  1.969561 
    88.90     1.155544  1.217277 
    62.20     0.803354  1.704196 
    83.00     0.863927  1.951432 
    79.20     0.836593  1.657428 
    87.70     1.195254  1.357864 
    66.50     0.955263  2.084121 
    81.60     1.064063  1.532234 
    77.30     0.975325  1.853023 
    80.20     0.955159  1.563273 
    84.30     1.015802  1.812855 
    84.60     1.058539  1.649285 
    82.10     0.926812  1.652822 
    79.20     1.151733  1.430084 
    84.10     1.072802  1.508035 
    80.90     0.953425  1.603668 
    80.50     0.914853  1.881042 
    87.10     0.976965  1.853679 
    81.60     0.973231  1.340115 
    79.70     1.083673  1.837192 
    80.20     0.948702  1.661015 
    75.30     1.049242  1.671847 
    78.70     0.977510  1.335212 
    82.50     0.993802  1.319207 
    80.30     1.051622  1.847537 
    79.30     0.990260  1.389105 
    68.10     0.909204  1.586891 
    79.60     1.013641  1.584921 
    74.20     1.022959  1.561958 
    76.40     1.042944  1.651539 
    84.50     1.041767  1.656526 
    83.10     1.050013  1.578831 
    70.60     1.047941  1.629658 
    85.90     1.025680  1.571307 
    73.10     1.015218  1.606195 
    69.10     1.028727  1.591585 
    67.50     1.016503  1.645940 
    60.40     1.019664  1.630976 
    78.20     1.041936  1.592138 
    76.80     1.027570  1.650107 
    76.30     1.014028  1.583592 
    66.20     1.050523  1.600139 
    76.50     1.034043  1.624192 
    75.50     1.051864  1.589714 
    76.00     1.036828  1.624230 
    91.20     1.025312  1.565636 
    79.80     1.013991  1.642809 
    72.60     1.032474  1.607602 
    71.10     1.790152  0.100000 
    79.30     0.997401  0.100000 
    71.70     1.076252  1.646545 
    32.30     0.266414  0.100000 
    76.40     1.588538  0.100000 
    69.70     1.341920  0.100000 
    44.50     0.510014  0.100000 
    83.80     1.430735  0.951848 
    73.20     0.939085  2.893078 
    65.60     1.426180  0.100000 
    81.40     0.958794  0.100000 
    68.60     1.159488  1.990984 
    77.20     1.328664  2.380564 
    78.20     1.560636  0.100000 
    76.40     1.027331  1.722119 
    73.90     1.962268  2.801545 
    59.90     0.776732  0.443292 
    80.00     1.332106  0.610517 
    80.10     1.655125  1.025264 
    70.80     1.310912  3.219008 
    71.70     2.000000  0.580179 
    76.60     1.524133  0.100000 
    69.60     1.899962  1.427664 
    82.80     1.759612  0.100000 
    82.40     0.926650  2.215952 
    46.00     0.639731  1.697455 
    84.60     2.000000  0.100000 
    79.30     1.236976  0.684969 
    78.10     1.807372  0.100000 
    79.30     1.266214  2.218318 
    79.30     2.000000  2.029793 
    79.90     2.000000  0.100000 
    76.40     1.834588  1.078002 
    74.40     2.000000  0.433040 
    78.00     2.000000  1.194225 
    69.50     1.471307  0.981108 
    71.40     2.000000  0.362863 
    77.00     2.000000  0.100000 
    91.70     1.938007  0.134270 
    79.50     1.211677  0.100000 
    80.30     1.567183  0.928266 
    82.60     1.923927  0.100000 
    76.80     1.657577  0.100000 
    87.40     1.469643  1.537818 
    90.70     2.000000  0.884276 
    63.40     2.000000  2.295584 
    78.40     1.616578  1.879520 
    76.60     2.000000  2.628329 
    69.50     2.000000  1.720977 
    72.20     1.643753  1.367165 
    80.70     2.000000  0.100000 
    73.70     1.970644  1.782212 
    84.60     1.625482  0.160698 
    75.00     1.632282  2.587658 
    77.50     2.000000  1.365171 
    76.10     1.974780  2.628497 
    78.70     2.000000  0.100000 
    77.50     1.983254  0.968982 
    60.10     1.772234  2.277199 
    59.40     1.660839  0.100000 
    71.10     2.000000  1.695491 
    78.50     2.000000  1.881160 
    86.50     1.800812  0.451204 
    72.80     2.000000  1.968762 
    72.50     2.000000  1.851642 
    85.90     2.000000  1.476012 
    79.20     2.000000  0.178909 
    78.10     1.649613  1.027119 
    82.90     2.000000  0.100000 
    78.30     1.598381  1.101305 
    69.10     1.913723  2.306004 
    70.40     2.000000  1.934732 
    85.10     2.000000  0.436298 
    65.90     1.751509  0.388236 
    70.50     2.000000  0.707891 
    82.30     1.480831  0.100000 
    84.80     2.000000  0.567892 
    82.30     1.665311  0.810895 
    68.00     1.844449  2.345666 
    83.20     2.000000  2.143921 
    77.60     2.000000  1.393032 
    82.90     2.000000  0.943099 
    77.40     1.514126  1.889947 
    73.40     1.572827  1.863279 
    77.00     2.000000  0.411337 
    77.50     2.000000  0.100000 
    79.60     1.602476  1.623658 
    88.80     1.711334  0.130722 
    92.40     1.370279  0.159621 
    79.50     0.922750  0.100000 
    81.70     1.767013  1.304382 
    81.20     1.485131  0.732339 
    80.60     1.055038  0.146211 
    80.20     1.095014  0.100000 
    75.20     1.044412  1.331701 
    78.90     1.341983  0.100000 
    83.20     1.393649  0.100000 
    68.40     1.038750  1.457569 
    82.50     1.910517  0.100000 
    84.30     1.368508  0.100000 
    78.50     1.378886  0.100000 
    74.60     1.690030  0.993699 
    73.40     1.825662  1.048150 
    81.20     1.229226  0.100000 
    70.90     1.306977  0.100000 
    71.30     0.997838  0.100000 
    63.00     0.962858  0.100000 
    80.30     1.815620  0.506448 
    73.90     0.940506  0.612574 
    84.00     1.539098  0.100000 
    81.70     0.977265  1.214973 
    80.70     1.445999  0.650098 
    94.40     1.733077  0.299442 
    68.00     1.285127  0.100000 
    74.80     1.925705  0.189070 
    74.80     2.000000  0.996013 
    77.80     1.362967  0.100000 
    76.40     1.956552  0.932538 
    80.20     2.000000  0.129431 
    84.40     2.000000  0.100000 
    83.90     1.787070  0.100000 
    81.80     1.993185  0.898101 
    84.50     1.833066  0.873009 
    80.10     2.000000  0.775683 
    74.60     1.679055  0.484502 
    76.90     1.702210  0.804245 
    76.30     1.905022  0.100000 
    85.10     1.511720  0.284104 
    82.40     1.780817  0.100000 
    72.60     1.493532  0.549391 
    84.60     1.617679  0.673736 
    75.20     1.833556  0.181219 
    78.10     1.760722  0.100000 
    83.80     1.713458  0.573296 
    89.50     1.531690  0.936290 
    78.20     1.529138  0.100000 
    84.70     1.681855  0.298993 
    73.30     2.000000  0.100000 
    87.70     1.478162  0.100000 
    78.60     1.444194  0.473799 
    72.50     1.947781  0.707304 
    67.10     1.849109  0.714336 
    77.10     1.632777  0.612283 
    80.70     1.753085  0.456413 
    79.30     1.638749  0.165092 
    81.80     1.502462  0.100000 
    78.90     1.651137  0.348859 
    83.80     1.653414  0.100000 
    72.70     1.536744  0.100000 
    79.90     1.802843  0.347202 
    88.20     1.761234  0.186156 
    80.00     1.533201  0.100000 
    72.30     1.797769  0.100000 
    70.30     1.644605  0.100000 
    74.50     1.877391  0.100000 
    85.60     1.715933  0.535805 
    85.70     1.650996  0.100000 
    87.10     1.559460  0.100000 
    87.40     1.506697  0.100000 
    70.60     1.576122  0.100000 
    83.90     1.707152  0.582177 
    68.70     1.728709  0.351449 
    83.30     1.842353  0.209172 
    84.00     1.604466  0.249403 
    85.80     1.656410  0.277808 
    74.00     1.725405  0.119668 
    80.20     1.774346  0.334506 
    86.10     1.720924  0.100000 
    89.70     1.642878  0.169069 
    86.70     1.858526  0.241910 
    68.70     1.783772  0.196945 
    77.80     1.668941  0.215822 
    76.60     1.636861  0.199298 
    76.80     1.631767  0.599153 
    80.60     1.753142  0.176376 
    85.10     1.751866  0.407344 
    71.90     1.679840  0.404239 
    78.70     1.606779  0.388653 
    76.70     1.795046  0.100000 
    86.70     1.702764  0.554733 
    77.70     1.743993  0.341880 
    78.40     1.737020  0.280822 
